20
2133
2130
2256
3
2091
2174
2304
596
24
2
2040
29
124
39
6
10
1
2272
2374
1987
3
2214
2401
2398
2
2052
24
2071
2595
15
9
1821
4
38
2025
2332
1010
2180
2160
2023
12
2
1931
2254
122
2181
2505
1133
1
2156
280
584
2496
1
2374
2234
1997
7
15
7
6
2189
883
2278
2595
6
7
2120
1821
621
1
2120
1986
2498900072
2498750100
307011085
2499075033
2500066500
2499150016
2499250014
1556634464
383096205
2498950054
1462428944
372039943
228124153575
250000604115
1525036240
250002276427
1257386705
2499175029
2500066500
1026647833
245826695466
2043225099
481264651
2499854005
1583702266
1895445873
1242051
248704931867
359521278
2100478896
1398832553
71694880
2499866501
2499954000
2499763380
2206132919
249991000019
229359944470
250000868209
2499866501
2498750100
249994135582
2499763380
1344458439
489779147
2499050048
245959955397
2499000064